# 0.32 1e+52 0.2 0.2 0.0 0.0 0.0 0.0 0.001 2.2 0.1 0.01 1.0 3.09e+26 0.0228
# t(s) nu(Hz) Fnu(mJy) eFnu(mJy) upperlimit Instrument
9.705520000000e+04 1.000000000000e+09 1.857814000000e-07 9.289070000000e-09 0.0 Boxfit
1.065180000000e+05 1.000000000000e+09 2.860498000000e-06 1.430249000000e-07 0.0 Boxfit
1.169033000000e+05 1.000000000000e+09 7.639865000000e-06 3.819932500000e-07 0.0 Boxfit
1.283013000000e+05 1.000000000000e+09 1.822587000000e-05 9.112935000000e-07 0.0 Boxfit
1.408105000000e+05 1.000000000000e+09 3.900673000000e-05 1.950336500000e-06 0.0 Boxfit
1.545393000000e+05 1.000000000000e+09 6.685278000000e-05 3.342639000000e-06 0.0 Boxfit
1.696067000000e+05 1.000000000000e+09 1.196912000000e-04 5.984560000000e-06 0.0 Boxfit
1.861432000000e+05 1.000000000000e+09 1.992340000000e-04 9.961700000000e-06 0.0 Boxfit
2.042919000000e+05 1.000000000000e+09 3.592352000000e-04 1.796176000000e-05 0.0 Boxfit
2.242101000000e+05 1.000000000000e+09 6.306635000000e-04 3.153317500000e-05 0.0 Boxfit
2.460703000000e+05 1.000000000000e+09 1.015279000000e-03 5.076395000000e-05 0.0 Boxfit
2.700618000000e+05 1.000000000000e+09 1.811218000000e-03 9.056090000000e-05 0.0 Boxfit
2.963925000000e+05 1.000000000000e+09 2.978132000000e-03 1.489066000000e-04 0.0 Boxfit
3.252905000000e+05 1.000000000000e+09 5.070707000000e-03 2.535353500000e-04 0.0 Boxfit
3.570059000000e+05 1.000000000000e+09 8.249721000000e-03 4.124860500000e-04 0.0 Boxfit
3.918135000000e+05 1.000000000000e+09 1.360553000000e-02 6.802765000000e-04 0.0 Boxfit
4.300148000000e+05 1.000000000000e+09 2.902097000000e-02 1.451048500000e-03 0.0 Boxfit
4.719408000000e+05 1.000000000000e+09 7.894495000000e-02 3.947247500000e-03 0.0 Boxfit
5.179544000000e+05 1.000000000000e+09 1.448276000000e-01 7.241380000000e-03 0.0 Boxfit
5.684543000000e+05 1.000000000000e+09 2.245190000000e-01 1.122595000000e-02 0.0 Boxfit
6.238779000000e+05 1.000000000000e+09 3.269591000000e-01 1.634795500000e-02 0.0 Boxfit
6.847052000000e+05 1.000000000000e+09 4.536155000000e-01 2.268077500000e-02 0.0 Boxfit
7.514631000000e+05 1.000000000000e+09 5.994474000000e-01 2.997237000000e-02 0.0 Boxfit
8.247299000000e+05 1.000000000000e+09 7.711117000000e-01 3.855558500000e-02 0.0 Boxfit
9.051400000000e+05 1.000000000000e+09 9.742783000000e-01 4.871391500000e-02 0.0 Boxfit
9.933900000000e+05 1.000000000000e+09 1.193390000000e+00 5.966950000000e-02 0.0 Boxfit
1.090244000000e+06 1.000000000000e+09 1.432862000000e+00 7.164310000000e-02 0.0 Boxfit
1.196542000000e+06 1.000000000000e+09 1.702838000000e+00 8.514190000000e-02 0.0 Boxfit
1.313203000000e+06 1.000000000000e+09 1.971019000000e+00 9.855095000000e-02 0.0 Boxfit
1.441239000000e+06 1.000000000000e+09 2.234569000000e+00 1.117284500000e-01 0.0 Boxfit
1.581758000000e+06 1.000000000000e+09 2.487863000000e+00 1.243931500000e-01 0.0 Boxfit
1.735977000000e+06 1.000000000000e+09 2.755504000000e+00 1.377752000000e-01 0.0 Boxfit
1.905233000000e+06 1.000000000000e+09 3.006762000000e+00 1.503381000000e-01 0.0 Boxfit
2.090991000000e+06 1.000000000000e+09 3.250006000000e+00 1.625003000000e-01 0.0 Boxfit
2.294860000000e+06 1.000000000000e+09 3.470597000000e+00 1.735298500000e-01 0.0 Boxfit
2.518606000000e+06 1.000000000000e+09 3.649553000000e+00 1.824776500000e-01 0.0 Boxfit
2.764167000000e+06 1.000000000000e+09 3.787191000000e+00 1.893595500000e-01 0.0 Boxfit
3.033670000000e+06 1.000000000000e+09 3.857439000000e+00 1.928719500000e-01 0.0 Boxfit
3.329449000000e+06 1.000000000000e+09 3.905361000000e+00 1.952680500000e-01 0.0 Boxfit
3.654066000000e+06 1.000000000000e+09 3.970853000000e+00 1.985426500000e-01 0.0 Boxfit
4.010333000000e+06 1.000000000000e+09 3.985553000000e+00 1.992776500000e-01 0.0 Boxfit
4.401335000000e+06 1.000000000000e+09 3.928150000000e+00 1.964075000000e-01 0.0 Boxfit
4.830460000000e+06 1.000000000000e+09 3.788539000000e+00 1.894269500000e-01 0.0 Boxfit
5.301424000000e+06 1.000000000000e+09 3.636986000000e+00 1.818493000000e-01 0.0 Boxfit
5.818306000000e+06 1.000000000000e+09 3.418255000000e+00 1.709127500000e-01 0.0 Boxfit
6.385584000000e+06 1.000000000000e+09 3.221770000000e+00 1.610885000000e-01 0.0 Boxfit
7.008170000000e+06 1.000000000000e+09 3.022558000000e+00 1.511279000000e-01 0.0 Boxfit
7.691458000000e+06 1.000000000000e+09 2.801012000000e+00 1.400506000000e-01 0.0 Boxfit
8.441366000000e+06 1.000000000000e+09 2.573402000000e+00 1.286701000000e-01 0.0 Boxfit
9.264389000000e+06 1.000000000000e+09 2.321626000000e+00 1.160813000000e-01 0.0 Boxfit
1.016766000000e+07 1.000000000000e+09 2.071149000000e+00 1.035574500000e-01 0.0 Boxfit
1.115899000000e+07 1.000000000000e+09 1.785618000000e+00 8.928090000000e-02 0.0 Boxfit
1.224698000000e+07 1.000000000000e+09 1.549836000000e+00 7.749180000000e-02 0.0 Boxfit
1.344104000000e+07 1.000000000000e+09 1.356600000000e+00 6.783000000000e-02 0.0 Boxfit
1.475153000000e+07 1.000000000000e+09 1.170649000000e+00 5.853245000000e-02 0.0 Boxfit
1.618978000000e+07 1.000000000000e+09 9.900274000000e-01 4.950137000000e-02 0.0 Boxfit
1.776827000000e+07 1.000000000000e+09 8.174874000000e-01 4.087437000000e-02 0.0 Boxfit
1.950065000000e+07 1.000000000000e+09 6.605290000000e-01 3.302645000000e-02 0.0 Boxfit
2.140194000000e+07 1.000000000000e+09 5.136296000000e-01 2.568148000000e-02 0.0 Boxfit
2.348860000000e+07 1.000000000000e+09 3.978141000000e-01 1.989070500000e-02 0.0 Boxfit
2.577871000000e+07 1.000000000000e+09 3.057200000000e-01 1.528600000000e-02 0.0 Boxfit
2.829210000000e+07 1.000000000000e+09 2.297119000000e-01 1.148559500000e-02 0.0 Boxfit
3.105055000000e+07 1.000000000000e+09 1.701865000000e-01 8.509325000000e-03 0.0 Boxfit
3.407794000000e+07 1.000000000000e+09 1.247727000000e-01 6.238635000000e-03 0.0 Boxfit
3.740050000000e+07 1.000000000000e+09 9.305154000000e-02 4.652577000000e-03 0.0 Boxfit
4.104700000000e+07 1.000000000000e+09 6.896542000000e-02 3.448271000000e-03 0.0 Boxfit
4.504903000000e+07 1.000000000000e+09 5.179691000000e-02 2.589845500000e-03 0.0 Boxfit
4.944126000000e+07 1.000000000000e+09 3.945965000000e-02 1.972982500000e-03 0.0 Boxfit
5.426172000000e+07 1.000000000000e+09 3.027501000000e-02 1.513750500000e-03 0.0 Boxfit
5.955217000000e+07 1.000000000000e+09 2.339202000000e-02 1.169601000000e-03 0.0 Boxfit
6.535843000000e+07 1.000000000000e+09 1.840301000000e-02 9.201505000000e-04 0.0 Boxfit
7.173080000000e+07 1.000000000000e+09 1.443089000000e-02 7.215445000000e-04 0.0 Boxfit
7.872446000000e+07 1.000000000000e+09 1.164841000000e-02 5.824205000000e-04 0.0 Boxfit
8.640000000000e+07 1.000000000000e+09 9.340995000000e-03 4.670497500000e-04 0.0 Boxfit
9.705520000000e+04 1.000000000000e+14 1.781522000000e-06 8.907610000000e-08 0.0 Boxfit
1.065180000000e+05 1.000000000000e+14 1.166287000000e-05 5.831435000000e-07 0.0 Boxfit
1.169033000000e+05 1.000000000000e+14 1.652273000000e-05 8.261365000000e-07 0.0 Boxfit
1.283013000000e+05 1.000000000000e+14 4.037688000000e-05 2.018844000000e-06 0.0 Boxfit
1.408105000000e+05 1.000000000000e+14 7.978879000000e-05 3.989439500000e-06 0.0 Boxfit
1.545393000000e+05 1.000000000000e+14 9.740504000000e-05 4.870252000000e-06 0.0 Boxfit
1.696067000000e+05 1.000000000000e+14 1.423916000000e-04 7.119580000000e-06 0.0 Boxfit
1.861432000000e+05 1.000000000000e+14 1.794905000000e-04 8.974525000000e-06 0.0 Boxfit
2.042919000000e+05 1.000000000000e+14 2.870707000000e-04 1.435353500000e-05 0.0 Boxfit
2.242101000000e+05 1.000000000000e+14 4.212863000000e-04 2.106431500000e-05 0.0 Boxfit
2.460703000000e+05 1.000000000000e+14 5.058321000000e-04 2.529160500000e-05 0.0 Boxfit
2.700618000000e+05 1.000000000000e+14 7.849195000000e-04 3.924597500000e-05 0.0 Boxfit
2.963925000000e+05 1.000000000000e+14 1.054640000000e-03 5.273200000000e-05 0.0 Boxfit
3.252905000000e+05 1.000000000000e+14 1.440787000000e-03 7.203935000000e-05 0.0 Boxfit
3.570059000000e+05 1.000000000000e+14 1.903436000000e-03 9.517180000000e-05 0.0 Boxfit
3.918135000000e+05 1.000000000000e+14 2.591939000000e-03 1.295969500000e-04 0.0 Boxfit
4.300148000000e+05 1.000000000000e+14 3.325160000000e-03 1.662580000000e-04 0.0 Boxfit
4.719408000000e+05 1.000000000000e+14 4.583808000000e-03 2.291904000000e-04 0.0 Boxfit
5.179544000000e+05 1.000000000000e+14 5.136351000000e-03 2.568175500000e-04 0.0 Boxfit
5.684543000000e+05 1.000000000000e+14 5.468839000000e-03 2.734419500000e-04 0.0 Boxfit
6.238779000000e+05 1.000000000000e+14 6.005522000000e-03 3.002761000000e-04 0.0 Boxfit
6.847052000000e+05 1.000000000000e+14 6.632494000000e-03 3.316247000000e-04 0.0 Boxfit
7.514631000000e+05 1.000000000000e+14 6.948744000000e-03 3.474372000000e-04 0.0 Boxfit
8.247299000000e+05 1.000000000000e+14 7.377861000000e-03 3.688930500000e-04 0.0 Boxfit
9.051400000000e+05 1.000000000000e+14 7.834208000000e-03 3.917104000000e-04 0.0 Boxfit
9.933900000000e+05 1.000000000000e+14 8.060619000000e-03 4.030309500000e-04 0.0 Boxfit
1.090244000000e+06 1.000000000000e+14 8.287099000000e-03 4.143549500000e-04 0.0 Boxfit
1.196542000000e+06 1.000000000000e+14 8.560025000000e-03 4.280012500000e-04 0.0 Boxfit
1.313203000000e+06 1.000000000000e+14 8.620621000000e-03 4.310310500000e-04 0.0 Boxfit
1.441239000000e+06 1.000000000000e+14 8.610795000000e-03 4.305397500000e-04 0.0 Boxfit
1.581758000000e+06 1.000000000000e+14 8.506410000000e-03 4.253205000000e-04 0.0 Boxfit
1.735977000000e+06 1.000000000000e+14 8.390456000000e-03 4.195228000000e-04 0.0 Boxfit
1.905233000000e+06 1.000000000000e+14 8.169876000000e-03 4.084938000000e-04 0.0 Boxfit
2.090991000000e+06 1.000000000000e+14 7.942665000000e-03 3.971332500000e-04 0.0 Boxfit
2.294860000000e+06 1.000000000000e+14 7.586184000000e-03 3.793092000000e-04 0.0 Boxfit
2.518606000000e+06 1.000000000000e+14 7.277222000000e-03 3.638611000000e-04 0.0 Boxfit
2.764167000000e+06 1.000000000000e+14 6.899391000000e-03 3.449695500000e-04 0.0 Boxfit
3.033670000000e+06 1.000000000000e+14 6.497778000000e-03 3.248889000000e-04 0.0 Boxfit
3.329449000000e+06 1.000000000000e+14 6.087789000000e-03 3.043894500000e-04 0.0 Boxfit
3.654066000000e+06 1.000000000000e+14 5.777547000000e-03 2.888773500000e-04 0.0 Boxfit
4.010333000000e+06 1.000000000000e+14 5.454944000000e-03 2.727472000000e-04 0.0 Boxfit
4.401335000000e+06 1.000000000000e+14 5.079316000000e-03 2.539658000000e-04 0.0 Boxfit
4.830460000000e+06 1.000000000000e+14 4.689457000000e-03 2.344728500000e-04 0.0 Boxfit
5.301424000000e+06 1.000000000000e+14 4.321079000000e-03 2.160539500000e-04 0.0 Boxfit
5.818306000000e+06 1.000000000000e+14 3.924235000000e-03 1.962117500000e-04 0.0 Boxfit
6.385584000000e+06 1.000000000000e+14 3.583342000000e-03 1.791671000000e-04 0.0 Boxfit
7.008170000000e+06 1.000000000000e+14 3.283047000000e-03 1.641523500000e-04 0.0 Boxfit
7.691458000000e+06 1.000000000000e+14 2.978399000000e-03 1.489199500000e-04 0.0 Boxfit
8.441366000000e+06 1.000000000000e+14 2.688650000000e-03 1.344325000000e-04 0.0 Boxfit
9.264389000000e+06 1.000000000000e+14 2.392976000000e-03 1.196488000000e-04 0.0 Boxfit
1.016766000000e+07 1.000000000000e+14 2.110270000000e-03 1.055135000000e-04 0.0 Boxfit
1.115899000000e+07 1.000000000000e+14 1.802284000000e-03 9.011420000000e-05 0.0 Boxfit
1.224698000000e+07 1.000000000000e+14 1.555565000000e-03 7.777825000000e-05 0.0 Boxfit
1.344104000000e+07 1.000000000000e+14 1.358914000000e-03 6.794570000000e-05 0.0 Boxfit
1.475153000000e+07 1.000000000000e+14 1.172078000000e-03 5.860390000000e-05 0.0 Boxfit
1.618978000000e+07 1.000000000000e+14 9.909575000000e-04 4.954787500000e-05 0.0 Boxfit
1.776827000000e+07 1.000000000000e+14 8.180637000000e-04 4.090318500000e-05 0.0 Boxfit
1.950065000000e+07 1.000000000000e+14 6.608725000000e-04 3.304362500000e-05 0.0 Boxfit
2.140194000000e+07 1.000000000000e+14 5.138185000000e-04 2.569092500000e-05 0.0 Boxfit
2.348860000000e+07 1.000000000000e+14 3.979126000000e-04 1.989563000000e-05 0.0 Boxfit
2.577871000000e+07 1.000000000000e+14 3.057684000000e-04 1.528842000000e-05 0.0 Boxfit
2.829210000000e+07 1.000000000000e+14 2.297339000000e-04 1.148669500000e-05 0.0 Boxfit
3.105055000000e+07 1.000000000000e+14 1.701962000000e-04 8.509810000000e-06 0.0 Boxfit
3.407794000000e+07 1.000000000000e+14 1.247769000000e-04 6.238845000000e-06 0.0 Boxfit
3.740050000000e+07 1.000000000000e+14 9.305338000000e-05 4.652669000000e-06 0.0 Boxfit
4.104700000000e+07 1.000000000000e+14 6.896630000000e-05 3.448315000000e-06 0.0 Boxfit
4.504903000000e+07 1.000000000000e+14 5.179728000000e-05 2.589864000000e-06 0.0 Boxfit
4.944126000000e+07 1.000000000000e+14 3.946002000000e-05 1.973001000000e-06 0.0 Boxfit
5.426172000000e+07 1.000000000000e+14 3.027521000000e-05 1.513760500000e-06 0.0 Boxfit
5.955217000000e+07 1.000000000000e+14 2.339230000000e-05 1.169615000000e-06 0.0 Boxfit
6.535843000000e+07 1.000000000000e+14 1.840348000000e-05 9.201740000000e-07 0.0 Boxfit
7.173080000000e+07 1.000000000000e+14 1.443149000000e-05 7.215745000000e-07 0.0 Boxfit
7.872446000000e+07 1.000000000000e+14 1.164866000000e-05 5.824330000000e-07 0.0 Boxfit
8.640000000000e+07 1.000000000000e+14 9.341008000000e-06 4.670504000000e-07 0.0 Boxfit
9.705520000000e+04 1.000000000000e+18 1.903466000000e-09 9.517330000000e-11 0.0 Boxfit
1.065180000000e+05 1.000000000000e+18 2.196374000000e-08 1.098187000000e-09 0.0 Boxfit
1.169033000000e+05 1.000000000000e+18 5.049816000000e-08 2.524908000000e-09 0.0 Boxfit
1.283013000000e+05 1.000000000000e+18 9.734527000000e-08 4.867263500000e-09 0.0 Boxfit
1.408105000000e+05 1.000000000000e+18 1.659546000000e-07 8.297730000000e-09 0.0 Boxfit
1.545393000000e+05 1.000000000000e+18 2.369469000000e-07 1.184734500000e-08 0.0 Boxfit
1.696067000000e+05 1.000000000000e+18 3.431844000000e-07 1.715922000000e-08 0.0 Boxfit
1.861432000000e+05 1.000000000000e+18 4.836332000000e-07 2.418166000000e-08 0.0 Boxfit
2.042919000000e+05 1.000000000000e+18 7.081499000000e-07 3.540749500000e-08 0.0 Boxfit
2.242101000000e+05 1.000000000000e+18 9.969685000000e-07 4.984842500000e-08 0.0 Boxfit
2.460703000000e+05 1.000000000000e+18 1.312188000000e-06 6.560940000000e-08 0.0 Boxfit
2.700618000000e+05 1.000000000000e+18 1.885034000000e-06 9.425170000000e-08 0.0 Boxfit
2.963925000000e+05 1.000000000000e+18 2.496949000000e-06 1.248474500000e-07 0.0 Boxfit
3.252905000000e+05 1.000000000000e+18 3.381248000000e-06 1.690624000000e-07 0.0 Boxfit
3.570059000000e+05 1.000000000000e+18 4.434234000000e-06 2.217117000000e-07 0.0 Boxfit
3.918135000000e+05 1.000000000000e+18 5.798925000000e-06 2.899462500000e-07 0.0 Boxfit
4.300148000000e+05 1.000000000000e+18 7.609671000000e-06 3.804835500000e-07 0.0 Boxfit
4.719408000000e+05 1.000000000000e+18 1.164969000000e-05 5.824845000000e-07 0.0 Boxfit
5.179544000000e+05 1.000000000000e+18 1.447159000000e-05 7.235795000000e-07 0.0 Boxfit
5.684543000000e+05 1.000000000000e+18 1.635242000000e-05 8.176210000000e-07 0.0 Boxfit
6.238779000000e+05 1.000000000000e+18 1.835885000000e-05 9.179425000000e-07 0.0 Boxfit
6.847052000000e+05 1.000000000000e+18 2.002048000000e-05 1.001024000000e-06 0.0 Boxfit
7.514631000000e+05 1.000000000000e+18 2.124347000000e-05 1.062173500000e-06 0.0 Boxfit
8.247299000000e+05 1.000000000000e+18 2.241100000000e-05 1.120550000000e-06 0.0 Boxfit
9.051400000000e+05 1.000000000000e+18 2.327188000000e-05 1.163594000000e-06 0.0 Boxfit
9.933900000000e+05 1.000000000000e+18 2.367380000000e-05 1.183690000000e-06 0.0 Boxfit
1.090244000000e+06 1.000000000000e+18 2.402989000000e-05 1.201494500000e-06 0.0 Boxfit
1.196542000000e+06 1.000000000000e+18 2.402700000000e-05 1.201350000000e-06 0.0 Boxfit
1.313203000000e+06 1.000000000000e+18 2.356743000000e-05 1.178371500000e-06 0.0 Boxfit
1.441239000000e+06 1.000000000000e+18 2.292582000000e-05 1.146291000000e-06 0.0 Boxfit
1.581758000000e+06 1.000000000000e+18 2.194975000000e-05 1.097487500000e-06 0.0 Boxfit
1.735977000000e+06 1.000000000000e+18 2.095378000000e-05 1.047689000000e-06 0.0 Boxfit
1.905233000000e+06 1.000000000000e+18 1.978465000000e-05 9.892325000000e-07 0.0 Boxfit
2.090991000000e+06 1.000000000000e+18 1.858088000000e-05 9.290440000000e-07 0.0 Boxfit
2.294860000000e+06 1.000000000000e+18 1.721717000000e-05 8.608585000000e-07 0.0 Boxfit
2.518606000000e+06 1.000000000000e+18 1.597833000000e-05 7.989165000000e-07 0.0 Boxfit
2.764167000000e+06 1.000000000000e+18 1.468010000000e-05 7.340050000000e-07 0.0 Boxfit
3.033670000000e+06 1.000000000000e+18 1.341260000000e-05 6.706300000000e-07 0.0 Boxfit
3.329449000000e+06 1.000000000000e+18 1.220125000000e-05 6.100625000000e-07 0.0 Boxfit
3.654066000000e+06 1.000000000000e+18 1.117795000000e-05 5.588975000000e-07 0.0 Boxfit
4.010333000000e+06 1.000000000000e+18 1.019301000000e-05 5.096505000000e-07 0.0 Boxfit
4.401335000000e+06 1.000000000000e+18 9.203410000000e-06 4.601705000000e-07 0.0 Boxfit
4.830460000000e+06 1.000000000000e+18 8.274446000000e-06 4.137223000000e-07 0.0 Boxfit
5.301424000000e+06 1.000000000000e+18 7.412955000000e-06 3.706477500000e-07 0.0 Boxfit
5.818306000000e+06 1.000000000000e+18 6.577195000000e-06 3.288597500000e-07 0.0 Boxfit
6.385584000000e+06 1.000000000000e+18 5.849336000000e-06 2.924668000000e-07 0.0 Boxfit
7.008170000000e+06 1.000000000000e+18 5.217329000000e-06 2.608664500000e-07 0.0 Boxfit
7.691458000000e+06 1.000000000000e+18 4.615314000000e-06 2.307657000000e-07 0.0 Boxfit
8.441366000000e+06 1.000000000000e+18 4.072752000000e-06 2.036376000000e-07 0.0 Boxfit
9.264389000000e+06 1.000000000000e+18 3.554572000000e-06 1.777286000000e-07 0.0 Boxfit
1.016766000000e+07 1.000000000000e+18 3.084083000000e-06 1.542041500000e-07 0.0 Boxfit
1.115899000000e+07 1.000000000000e+18 2.612388000000e-06 1.306194000000e-07 0.0 Boxfit
1.224698000000e+07 1.000000000000e+18 2.227040000000e-06 1.113520000000e-07 0.0 Boxfit
1.344104000000e+07 1.000000000000e+18 1.916526000000e-06 9.582630000000e-08 0.0 Boxfit
1.475153000000e+07 1.000000000000e+18 1.632740000000e-06 8.163700000000e-08 0.0 Boxfit
1.618978000000e+07 1.000000000000e+18 1.372135000000e-06 6.860675000000e-08 0.0 Boxfit
1.776827000000e+07 1.000000000000e+18 1.132587000000e-06 5.662935000000e-08 0.0 Boxfit
1.950065000000e+07 1.000000000000e+18 9.219470000000e-07 4.609735000000e-08 0.0 Boxfit
2.140194000000e+07 1.000000000000e+18 7.325879000000e-07 3.662939500000e-08 0.0 Boxfit
2.348860000000e+07 1.000000000000e+18 5.807709000000e-07 2.903854500000e-08 0.0 Boxfit
2.577871000000e+07 1.000000000000e+18 4.583227000000e-07 2.291613500000e-08 0.0 Boxfit
2.829210000000e+07 1.000000000000e+18 3.568967000000e-07 1.784483500000e-08 0.0 Boxfit
3.105055000000e+07 1.000000000000e+18 2.765730000000e-07 1.382865000000e-08 0.0 Boxfit
3.407794000000e+07 1.000000000000e+18 2.138684000000e-07 1.069342000000e-08 0.0 Boxfit
3.740050000000e+07 1.000000000000e+18 1.674647000000e-07 8.373235000000e-09 0.0 Boxfit
4.104700000000e+07 1.000000000000e+18 1.312262000000e-07 6.561310000000e-09 0.0 Boxfit
4.504903000000e+07 1.000000000000e+18 1.040692000000e-07 5.203460000000e-09 0.0 Boxfit
4.944126000000e+07 1.000000000000e+18 8.348999000000e-08 4.174499500000e-09 0.0 Boxfit
5.426172000000e+07 1.000000000000e+18 6.746846000000e-08 3.373423000000e-09 0.0 Boxfit
5.955217000000e+07 1.000000000000e+18 5.496972000000e-08 2.748486000000e-09 0.0 Boxfit
6.535843000000e+07 1.000000000000e+18 4.531034000000e-08 2.265517000000e-09 0.0 Boxfit
7.173080000000e+07 1.000000000000e+18 3.740723000000e-08 1.870361500000e-09 0.0 Boxfit
7.872446000000e+07 1.000000000000e+18 3.140863000000e-08 1.570431500000e-09 0.0 Boxfit
8.640000000000e+07 1.000000000000e+18 2.633986000000e-08 1.316993000000e-09 0.0 Boxfit
